5
13
17
29
41
37
53
61
73
89
97
101
109
113
137
149
157
173
181
193
197
229
233
241
257
269
277
281
293
313
317
337
349
353
373
389
397
401
409
421
433
449
457
2
461
509
521
541
557
577
569
593
3
601
7
11
613
617
19
23
31
43
47
641
653
661
673
677
701
709
733
757
761
769
773
797
809
821
829
853
857
877
881
929
937
367
941
359
331
307
347
311
379
283
251
271
953
239
263
223
383
227
199
191
167
163
179
139
151
103
131
211
67
83
71
59
107
79
127
977
419
997
431
439
443
463
467
487
479
491
499
503
523
547
563
571
587
599
607
619
631
647
691
659
719
643
683
727
739
743
751
787
811
991
983
971
967
947
919
911
907
887
883
863
823
859
839
827
Execution time : 0.137 seconds.